Kate 88.88 88.88 88.88 88.88 88.88
John 55.55 55.55 55.55 55.55 55.55
Pat 66.66 66.66 66.66 66.66 66.66
Joe 100.00 100.00 100.00 100.00 100.00
Mary 11.11 11.11 11.11 11.11 11.11
Bill 33.33 33.33 33.33 33.33 33.33
Jay 22.22 22.22 22.22 22.22 22.22
Bob 4.00 4.00 4.00 4.00 4.00
Fred 77.77 77.77 77.77 77.77 77.77
Louis 44.44 44.44 44.44 44.44 44.44
Kate 88.88 88.88 88.88 88.88 88.88
John 55.55 55.55 55.55 55.55 55.55
Pat 66.66 66.66 66.66 66.66 66.66
Joe 100.00 100.00 100.00 100.00 100.00
Mary 11.11 11.11 11.11 11.11 11.11
Bill 33.33 33.33 33.33 33.33 33.33
Jay 22.22 22.22 22.22 22.22 22.22
Bob 4.00 4.00 4.00 4.00 4.00
Fred 77.77 77.77 77.77 77.77 77.77
Louis 44.44 44.44 44.44 44.44 44.44
Kate 88.88 88.88 88.88 88.88 88.88
John 55.55 55.55 55.55 55.55 55.55
Pat 66.66 66.66 66.66 66.66 66.66
Joe 100.00 100.00 100.00 100.00 100.00
Mary 11.11 11.11 11.11 11.11 11.11
Bill 33.33 33.33 33.33 33.33 33.33
Jay 22.22 22.22 22.22 22.22 22.22
Bob 4.00 4.00 4.00 4.00 4.00
Fred 77.77 77.77 77.77 77.77 77.77
Louis 44.44 44.44 44.44 44.44 44.44
Kate 88.88 88.88 88.88 88.88 88.88
John 55.55 55.55 55.55 55.55 55.55
Pat 66.66 66.66 66.66 66.66 66.66
Joe 100.00 100.00 100.00 100.00 100.00
Mary 11.11 11.11 11.11 11.11 11.11
Bill 33.33 33.33 33.33 33.33 33.33
Jay 22.22 22.22 22.22 22.22 22.22
Bob 4.00 4.00 4.00 4.00 4.00
Fred 77.77 77.77 77.77 77.77 77.77
Louis 44.44 44.44 44.44 44.44 44.44
Kate 88.88 88.88 88.88 88.88 88.88
John 55.55 55.55 55.55 55.55 55.55
Pat 66.66 66.66 66.66 66.66 66.66
Joe 100.00 100.00 100.00 100.00 100.00
Mary 11.11 11.11 11.11 11.11 11.11
Bill 33.33 33.33 33.33 33.33 33.33
Jay 22.22 22.22 22.22 22.22 22.22
Bob 4.00 4.00 4.00 4.00 4.00
Fred 77.77 77.77 77.77 77.77 77.77
Louis 44.44 44.44 44.44 44.44 44.44
Kate 88.88 88.88 88.88 88.88 88.88
John 55.55 55.55 55.55 55.55 55.55
Pat 66.66 66.66 66.66 66.66 66.66
Joe 100.00 100.00 100.00 100.00 100.00
Mary 11.11 11.11 11.11 11.11 11.11
Bill 33.33 33.33 33.33 33.33 33.33
Jay 22.22 22.22 22.22 22.22 22.22
Bob 4.00 4.00 4.00 4.00 4.00
Fred 77.77 77.77 77.77 77.77 77.77
Louis 44.44 44.44 44.44 44.44 44.44
Kate 88.88 88.88 88.88 88.88 88.88
John 55.55 55.55 55.55 55.55 55.55
Pat 66.66 66.66 66.66 66.66 66.66
Joe 100.00 100.00 100.00 100.00 100.00
Mary 11.11 11.11 11.11 11.11 11.11
Bill 33.33 33.33 33.33 33.33 33.33
Jay 22.22 22.22 22.22 22.22 22.22
Bob 4.00 4.00 4.00 4.00 4.00
Fred 77.77 77.77 77.77 77.77 77.77
Louis 44.44 44.44 44.44 44.44 44.44
Kate 88.88 88.88 88.88 88.88 88.88
John 55.55 55.55 55.55 55.55 55.55
Pat 66.66 66.66 66.66 66.66 66.66
Joe 100.00 100.00 100.00 100.00 100.00
Mary 11.11 11.11 11.11 11.11 11.11
Bill 33.33 33.33 33.33 33.33 33.33
Jay 22.22 22.22 22.22 22.22 22.22
Bob 4.00 4.00 4.00 4.00 4.00
Fred 77.77 77.77 77.77 77.77 77.77
Louis 44.44 44.44 44.44 44.44 44.44
Kate 88.88 88.88 88.88 88.88 88.88
John 55.55 55.55 55.55 55.55 55.55
Pat 66.66 66.66 66.66 66.66 66.66
Joe 100.00 100.00 100.00 100.00 100.00
Mary 11.11 11.11 11.11 11.11 11.11
Bill 33.33 33.33 33.33 33.33 33.33
Jay 22.22 22.22 22.22 22.22 22.22
Bob 4.00 4.00 4.00 4.00 4.00
Fred 77.77 77.77 77.77 77.77 77.77
Louis 44.44 44.44 44.44 44.44 44.44
Kate 88.88 88.88 88.88 88.88 88.88
John 55.55 55.55 55.55 55.55 55.55
Pat 66.66 66.66 66.66 66.66 66.66
Joe 100.00 100.00 100.00 100.00 100.00
Mary 11.11 11.11 11.11 11.11 11.11
Bill 33.33 33.33 33.33 33.33 33.33
Jay 22.22 22.22 22.22 22.22 22.22
Bob 4.00 4.00 4.00 4.00 4.00
Fred 77.77 77.77 77.77 77.77 77.77
Louis 44.44 44.44 44.44 44.44 44.44